.Random.seed <-
c(403L, 111L, 472271246L, -1222287768L, -1743492501L, -1166900215L, 
-1015588200L, -667771450L, -81248991L, -866636365L, -391730910L, 
-387792108L, -963519593L, 1338885005L, 1488551588L, -534564726L, 
-1148668171L, -1842853553L, -1332861354L, 1294753024L, -1238783933L, 
-1735488543L, 469947216L, 1570063790L, -623113383L, -962158229L, 
-28047142L, 1153655196L, -808006241L, 428351477L, 183013004L, 
984755042L, -2055371971L, -1986677833L, 1261844574L, 1481930136L, 
-1894416133L, 464911513L, 266542376L, -1505956906L, -520966063L, 
207487747L, -1799556462L, 1032486948L, 610021095L, -2058927299L, 
-1340376140L, 1247586330L, 1643551589L, 1350632959L, 1711081606L, 
-737758192L, -1229101389L, -2034313903L, 158764288L, 344168414L, 
-1970498519L, 1940222939L, -2018285334L, -1122539892L, 1755175375L, 
1786432901L, 559314492L, 2019859218L, -1183418355L, 1775209287L, 
408854830L, -2147465080L, 829214091L, -91556503L, 896456504L, 
-1963992602L, -1087513215L, 963629331L, 1961144002L, 1895418228L, 
2038739319L, -1559797139L, -1645613820L, -1794308054L, 650134933L, 
1167796783L, 285144886L, 1242687328L, 291253667L, -427899199L, 
1646132912L, -1489733170L, 117394745L, -551788213L, 628105978L, 
234763260L, -316410817L, 1942605077L, -418990548L, -646587646L, 
-1154070563L, -563776809L, 1328844222L, 2046732280L, 1703158747L, 
1728175673L, -2012846200L, -511461578L, -1438538383L, 1091149731L, 
-1050130702L, 300822084L, 1776021767L, -1253816099L, -211116588L, 
1708044538L, 206800965L, 1015287967L, -884467162L, -1386246480L, 
1228501843L, -209887631L, 1639228320L, 831251262L, -848393655L, 
-396763397L, -249364790L, -230760404L, -1898358737L, 704063717L, 
-168853092L, 1860094962L, -828483987L, -1143987289L, 1866333646L, 
1702968104L, 538939691L, 453954377L, 138694744L, -730331898L, 
1121046753L, 288942195L, -1134590750L, -1580616620L, -170493609L, 
-1818961587L, -1148240668L, -1938546486L, 2025639221L, -214654065L, 
1599592598L, 1529464896L, 1481765123L, 661265697L, -531984880L, 
-1280614930L, 1230000537L, 583114283L, 1869784858L, 194960860L, 
521257951L, 810673077L, 847183180L, -1408631902L, 999682813L, 
609545207L, -1778649826L, -596035624L, 891758907L, -204120359L, 
912077416L, -1655614570L, 1601222417L, 1742786755L, 485634258L, 
1211610468L, 1128868007L, 1811930621L, -618209292L, -127629094L, 
785893925L, 1462011711L, 646325446L, -191456944L, 477833587L, 
1784353681L, 1921967552L, 1291657118L, 1504395625L, 845115803L, 
-1599167318L, 598966988L, -1150694513L, -1865240635L, -1202793604L, 
-25949230L, -1946637491L, 683391495L, -604182034L, 2009547976L, 
1045121995L, -1222042071L, -1347398536L, -651554394L, 2106635201L, 
543973459L, 1561331458L, 250360372L, -175282249L, -1414883411L, 
389104836L, -1950299926L, -1134342315L, 1915781359L, 865257206L, 
610603552L, 1994930147L, 2088287361L, 1021410032L, -355397234L, 
1207811833L, 1469295755L, -212298566L, 998051772L, 1976225023L, 
-1134542763L, -1805970580L, 1711492034L, -106202083L, -1022550889L, 
-592250370L, -877422152L, -1463380581L, -2070214688L, -1401411124L, 
562886880L, -1123234782L, 1804276520L, -210273780L, 967398204L, 
-1608388622L, 2133902064L, -914335164L, 1217707608L, 825767738L, 
-592932880L, -1220926788L, 901141780L, -103736126L, 1544043616L, 
33187196L, 264544208L, -562679518L, -194636120L, 1465980812L, 
2082981052L, -1811154126L, 1000105536L, 885154996L, 367154248L, 
1472386490L, -1684456944L, 147946732L, 1626890580L, -192892142L, 
-381653600L, 590731980L, 610900576L, 635678658L, -161680600L, 
-944031316L, 1746386236L, 669743986L, 575958320L, 367421220L, 
-256154312L, -1767061798L, 1180581776L, 1099291388L, -2111661164L, 
1465447490L, -260074240L, -1471420356L, 2088295760L, -692173662L, 
-1179710648L, 1181122316L, 608452316L, 1945562962L, 13342336L, 
-1615538092L, -1120033816L, 1779133178L, -1336060592L, 359956268L, 
1982145396L, 1475748754L, -339602848L, -1605961844L, -2026219680L, 
-632683550L, -772596824L, -1363424052L, 1471642108L, 147232690L, 
-836196880L, 1861928388L, -1672865448L, -237908614L, 788807088L, 
-1175313476L, -1763020716L, 1931382722L, -1851154400L, 1095413948L, 
-618456496L, -1983920158L, -1330971032L, -213668276L, -1902325508L, 
-1909745678L, -462920448L, 1421239156L, 262938632L, 62771642L, 
1896930768L, -1634987028L, 2031684500L, -586540078L, -2018678944L, 
1963327820L, -1765527264L, 160165762L, 1810204392L, -757786388L, 
1081865788L, 971551602L, 1879602800L, 998188068L, -824217800L, 
-934856550L, 1389997776L, 309890236L, -1894192492L, 814506626L, 
283865280L, -625760964L, -1580124016L, -361015774L, -1741688312L, 
199097612L, 550929052L, -1967147502L, 1721014656L, -446408172L, 
1585585704L, 1533608250L, 373418960L, 630509164L, 1169908532L, 
-669883758L, -148396704L, 534928716L, -853068832L, 1450233762L, 
-1470611544L, -264001652L, -162182468L, 282182514L, 1823492336L, 
-850701244L, 115406168L, -366407622L, 1261163376L, -211909572L, 
-976688364L, -1856309822L, -2057999136L, 784473980L, -27515184L, 
1139915426L, 652997672L, -1232609012L, -1223402564L, 2049666354L, 
-1544558656L, 500704820L, -342625336L, 829041850L, -1107173488L, 
-115056148L, -2110405548L, 1483397778L, 1531439904L, -1962161716L, 
-1337990176L, -88265022L, -381966808L, -1073758548L, -1826492740L, 
883790322L, -408473296L, 812857508L, -845555016L, 2108581722L, 
45981072L, -722670212L, -875058924L, 1323816258L, -526847232L, 
-607075396L, -845982896L, 2065091874L, -2049230520L, 123382796L, 
-866597796L, 781116626L, 1947489280L, 650811220L, 2143713768L, 
-330587142L, 2032886480L, -408646356L, 455402740L, 1196721042L, 
15135840L, 2127833356L, -911858976L, -482579102L, 1777059496L, 
-1451844020L, -641719428L, 1509232434L, -1644189072L, 380510532L, 
2010355672L, -308161414L, -478688720L, -180635972L, 374306644L, 
1780737602L, -1057523808L, 1736615100L, -1265655344L, 1066406242L, 
-2048716824L, -794684468L, -1181931780L, 162915314L, 1283452032L, 
1897924852L, -504954744L, -1755209414L, 1731234640L, 1163755628L, 
1313684628L, -1528019630L, 1064479456L, -1585238836L, 1180832928L, 
-2117465701L, 460279404L, 1165783674L, 843494319L, 752002745L, 
216008910L, 1968054812L, 1042114957L, 1560717303L, 1564453632L, 
1127960926L, -1841614293L, -708698835L, 1755005338L, 2081275736L, 
1618335425L, 456141171L, -1359019372L, 469645090L, 285282871L, 
-434948351L, -767349242L, 1014568004L, 545432949L, 1130244319L, 
-1912808392L, 132529174L, -1040696285L, -2001097755L, -1683317246L, 
1800320112L, 1389855257L, -1280889845L, -250794244L, 1249855274L, 
-767628961L, -481894167L, 303044606L, 1689721836L, -1794248899L, 
1212904199L, -1589368080L, -1922379122L, 1365126331L, 1502275741L, 
-1142574006L, -829657496L, -1899724207L, -1133018813L, 780269636L, 
1305639666L, 410747591L, -857407343L, -439333354L, 1554926708L, 
-2067396859L, 955106639L, 981333832L, -1496252698L, -187113453L, 
-689588363L, -875481262L, 1119154080L, -2113578359L, -748282181L, 
1169042700L, -935210854L, 814687759L, -1869245863L, 1774046958L, 
1416547708L, -1982976531L, -1925592425L, -252246688L, -892944066L, 
1727334923L, 1012534925L, 515683258L, -666457608L, -1959643743L, 
-1198716077L, -1564007820L, -632429566L, 1470801559L, -1197739935L, 
1900850342L, -1242088284L, 736599381L, -2062445057L, -44090216L, 
1122601398L, -829361597L, 1822857093L, 277902370L, 414488336L, 
1635754681L, -268560533L, -612174244L, -200361078L, -1083772033L, 
1529781961L, 1898010462L, 344288268L, -150606883L, 1213279975L, 
-1546318064L, -472760786L, 1083278555L, 1892354493L, -1448237270L, 
-927367224L, -1882024719L, 1270000227L, 1376407140L, -371026542L, 
761217639L, -1969628623L, -1225304202L, 1704574100L, 387191461L, 
1973272495L, 1730026600L, 381374534L, -819145229L, 1868898645L, 
-1746955470L, 5056256L, 180720617L, -1360605605L, -614125396L, 
-628566342L, -2069740433L, -1517583879L, 952210574L, -1372709540L, 
-4010547L, 401772855L, 1729993664L, 681563294L, 560642411L, 1154867437L, 
1084062042L, -1598963176L, 443891585L, -1071198925L, -378936492L, 
